$ANSIBLE_VAULT;1.1;AES256
32636535366364306531306535336161316638643035643638613336363064303664626439663665
3139323936376461663661623131383561393430376365390a353336366231313063643037333930
39346337396562366237363866626537373266646237626237373633373637613632353763376432
3964646532313937350a366464303631393539313236353163336166343766666237336235663331
61653364646631653437343037633330663337316135373131623536313763653133383565613532
37386430663737386236363836633131653931636463653138643730346633653135336166323038
62313331643435306464313339633766333865353635623138313833376435326339346138396135
30316136373838353961363832623937636165303066343432663030356330646164366465323534
64623635336639313666353764623564303233613039656566656136613363396664313539313365
66323530363765333463626331326164386565383439386436363038663863623533656130363661
66633933376664666363303630303335613439633939633266393939643162366535656132653064
62323733623937303139363833376436353033323565303439613135613332313339363932366330
64633332613338326235666532363232373237656262393735643764356266353966363235376439
65363232303865313032333832393665613732376538656237383732396164643138316361633134
37393639343566323631363132663530646236653837366531643933653733316131386666353238
34383839323235323765
