$ANSIBLE_VAULT;1.1;AES256
64646237633330343564366537383736396161666333313865313766626531663032356134623734
6137663034366130383231333862356462333630336564620a376335373437643263343232643138
62643631396434653437356261376231316564363762376135303330356563326166623932383931
3136653338633530620a376534316435303063313637393362616336663064623339613037346538
61313263636439623136393433613865363533636131643331636531656664396462306564306332
33336432326665373463386662336430386230396533333735383665396332623931303338323039
39636530333763333230366363613633653861633266616263633234656465353330636638666231
35663534356236653730313663366539356536316332633239396531306635323830396666376434
31353237396431356531653336326335626432386536663136636434383061363736373339326239
35643738643462316630306264313863326639356261356662336534313661616634646637623035
31363364323133326630643732336161353763396262653635326639363061623837343135633431
64663761623762633536636465643135303933613164646336393038666161373437343866646263
61623231623137316634386261353266623436353762396261316436613933666431373939636631
62306131353666623461666534643431383463643134313364306339643939626631306366633439
37343361323636313365316235373133353966663365626165333032313764653964366563346437
63323338356565353133353466326261663866393865333033333437326265313964616537393433
34643339623535663939666138373733353461353237313835386231616438663765313534326633
33626362623438383730343261646361663966656333626639643437643866666164626532393061
30353930306633366465656465643238343836373137653339653861633364363233663036623261
37623738316534353064376337646664363530666535306230343236303365356466373364386465
64663636366238653033356161343763626338323534363131366135376631363537656166643635
61346563386462656364303964363536376464323833336663313762383235303432366433363630
64663261313265646238653337323036366364396532636330346338623533313963313166653262
37613965333966303663643039623335353830373231616430303537356432663537626561366434
64366437363439363364306536646138386362333230376630613739306637613065
